3 0.277192 0.442764 0.031656 0.121012
3 0.547078 0.744477 0.056818 0.246930
3 0.696834 0.585036 0.039773 0.189695
3 0.864042 0.925178 0.103084 0.147177
3 0.960227 0.704413 0.068182 0.130824
3 0.799107 0.606295 0.057630 0.114471
3 0.505682 0.421506 0.022727 0.058871
3 0.570211 0.459935 0.031656 0.060506
3 0.616477 0.498365 0.030032 0.088306
3 0.368101 0.412511 0.021916 0.070318
3 0.466315 0.396976 0.018669 0.058871
3 0.433036 0.365088 0.015422 0.053965
3 0.451299 0.385118 0.011905 0.062141
3 0.403950 0.351322 0.013528 0.040337
3 0.441558 0.302808 0.011905 0.034886
3 0.326840 0.351322 0.015152 0.042518
3 0.387987 0.339875 0.008658 0.039247
3 0.370942 0.325702 0.009199 0.039247
3 0.350108 0.319706 0.014069 0.035977
0 0.555427 0.563308 0.170455 0.244127
0 0.435123 0.462269 0.080589 0.133160
0 0.386132 0.415546 0.055659 0.105126
0 0.350765 0.374664 0.052180 0.081765
2 0.632827 0.430147 0.194225 0.307203
0 0.779221 0.411458 0.090445 0.134328
0 0.802122 0.770056 0.126971 0.300194
0 0.836329 0.601270 0.079429 0.133160
0 0.274814 0.298155 0.023191 0.045555
0 0.282931 0.307500 0.028989 0.045555
0 0.298585 0.317428 0.028989 0.042051
2 0.346997 0.285306 0.052760 0.057236
0 0.407004 0.299323 0.039425 0.047891
0 0.469620 0.374664 0.042904 0.081765
0 0.515422 0.403282 0.071892 0.099286
2 0.301194 0.266617 0.034207 0.068916